
Resp charges for organic molecule                                               

iqopt   irstrnt  ihfree     qwt
  2      1      1        0.001000

 rel.rms   dipole mom       Qxx      Qyy      Qzz
    0.12647   2.42107-159.17177 313.49625-154.32448

          Point charges before & after optimization
    NO   At.No.    q0           q(opt)   IVARY  d(rstr)/dq 
     1     6   0.370340       0.370340  -99    0.002607
     2     6   0.170598       0.170598  -99    0.005057
     3     6   0.009181       0.019580    0    0.009814
     4     6   0.006881       0.006881  -99    0.009976
     5     6   0.009554      -0.025569    0    0.009688
     6     6  -0.009548      -0.023767    0    0.009729
     7     6  -0.021126       0.006508    0    0.009979
     8     6  -0.029726      -0.023767    6    0.009729
     9     6  -0.020848      -0.025569    5    0.009688
    10     6   0.189193       0.189193  -99    0.004673
    11     6  -0.231211      -0.231211  -99    0.003970
    12     6  -0.115844      -0.115844  -99    0.006534
    13     6  -0.269808      -0.269808  -99    0.003475
    14     7  -0.213194      -0.213194  -99    0.004247
    15     6   0.191083       0.191083  -99    0.004637
    16     8  -0.247568      -0.247568  -99    0.003745
    17     6   0.227500       0.227500  -99    0.004024
    18     7  -0.564056      -0.564056  -99    0.001746
    19     7  -0.438028      -0.438028  -99    0.002226
    20     6   0.436251       0.436251  -99    0.002234
    21     7  -0.650599      -0.650599  -99    0.001519
    22     7  -0.190186      -0.190186  -99    0.004654
    23     6  -0.010723      -0.010723  -99    0.009943
    24     6   0.070471       0.070471  -99    0.008174
    25     1   0.162796       0.162796  -99    0.000000
    26     1   0.095387       0.097131    0    0.000000
    27     1   0.093066       0.097131   26    0.000000
    28     1   0.038858       0.038858  -99    0.000000
    29     1  -0.003812       0.014174    0    0.000000
    30     1  -0.020201       0.014174   29    0.000000
    31     1   0.004851       0.010737    0    0.000000
    32     1   0.013990       0.010737   31    0.000000
    33     1   0.011071       0.001627    0    0.000000
    34     1   0.005623       0.001627   33    0.000000
    35     1   0.012715       0.010737   31    0.000000
    36     1   0.017629       0.010737   31    0.000000
    37     1   0.016100       0.014174   29    0.000000
    38     1   0.019018       0.014174   29    0.000000
    39     8  -0.314714      -0.314714  -99    0.003028
    40     1   0.143726       0.143726  -99    0.000000
    41     1   0.153782       0.153782  -99    0.000000
    42     1   0.159824       0.159824  -99    0.000000
    43     1   0.361930       0.361930  -99    0.000000
    44     1   0.263018       0.263018  -99    0.000000
    45     1  -0.146579      -0.146579  -99    0.000000
    46     6  -0.012533       0.046370    0    0.009072
    47     1   0.095034       0.058438    0    0.000000
    48     1   0.070629       0.058438   47    0.000000
    49     1   0.090201       0.058438   47    0.000000

        Statistics of the fitting:
  The initial sum of squares (ssvpot)                      0.390
  The residual sum of squares (chipot)                     0.006
  The std err of estimate (sqrt(chipot/N))               0.00187
  ESP relative RMS (SQRT(chipot/ssvpot))                 0.12647

 Dipole Moment (Debye)=   2.42107
