
Resp charges for organic molecule                                               

iqopt   irstrnt  ihfree     qwt
  2      1      1        0.001000

 rel.rms   dipole mom       Qxx      Qyy      Qzz
    0.11981   1.60242-101.35999 199.25102 -97.89103

          Point charges before & after optimization
    NO   At.No.    q0           q(opt)   IVARY  d(rstr)/dq 
     1     6   0.403595       0.403595  -99    0.002405
     2     6   0.171354       0.171354  -99    0.005040
     3     6   0.001446       0.020819    0    0.009790
     4     6   0.011350       0.011350  -99    0.009936
     5     6  -0.023858      -0.037224    0    0.009371
     6     6   0.000037      -0.018796    0    0.009828
     7     6  -0.028582       0.013750    0    0.009907
     8     6  -0.023122      -0.018796    6    0.009828
     9     6  -0.021819      -0.037224    5    0.009371
    10     6   0.053033       0.053033  -99    0.008835
    11     6  -0.165640      -0.165640  -99    0.005168
    12     6  -0.159559      -0.159559  -99    0.005311
    13     6  -0.214668      -0.214668  -99    0.004223
    14     7  -0.273063      -0.273063  -99    0.003439
    15     6   0.224542       0.224542  -99    0.004068
    16     8  -0.256793      -0.256793  -99    0.003629
    17     6   0.215270       0.215270  -99    0.004213
    18     7  -0.563901      -0.563901  -99    0.001746
    19     7  -0.448098      -0.448098  -99    0.002178
    20     6   0.452290       0.452290  -99    0.002159
    21     7  -0.664989      -0.664989  -99    0.001487
    22     7  -0.194968      -0.194968  -99    0.004564
    23     6   0.000299       0.000299  -99    0.010000
    24     6  -0.050935      -0.050935  -99    0.008911
    25     1   0.162623       0.162623  -99    0.000000
    26     1   0.099835       0.093023    0    0.000000
    27     1   0.103154       0.093023   26    0.000000
    28     1   0.041020       0.041020  -99    0.000000
    29     1   0.011031       0.019601    0    0.000000
    30     1  -0.009803       0.019601   29    0.000000
    31     1   0.002711       0.007255    0    0.000000
    32     1   0.014499       0.007255   31    0.000000
    33     1   0.014858       0.000472    0    0.000000
    34     1   0.005045       0.000472   33    0.000000
    35     1   0.015265       0.007255   31    0.000000
    36     1   0.011507       0.007255   31    0.000000
    37     1   0.015892       0.019601   29    0.000000
    38     1   0.019021       0.019601   29    0.000000
    39     1   0.147045       0.147045  -99    0.000000
    40     1   0.150858       0.150858  -99    0.000000
    41     1   0.153358       0.153358  -99    0.000000
    42     1   0.364419       0.364419  -99    0.000000
    43     1   0.257977       0.257977  -99    0.000000
    44     1  -0.048978      -0.048978  -99    0.000000
    45     6   0.230358       0.258653    0    0.003606
    46     1   0.010610      -0.001455    0    0.000000
    47     8  -0.652944      -0.652944  -99    0.001514
    48     1   0.024600      -0.001455   46    0.000000
    49     1   0.412816       0.412816  -99    0.000000

        Statistics of the fitting:
  The initial sum of squares (ssvpot)                      0.471
  The residual sum of squares (chipot)                     0.007
  The std err of estimate (sqrt(chipot/N))               0.00190
  ESP relative RMS (SQRT(chipot/ssvpot))                 0.11981

 Dipole Moment (Debye)=   1.60242
