
Resp charges for organic molecule                                               

iqopt   irstrnt  ihfree     qwt
  2      1      1        0.001000

 rel.rms   dipole mom       Qxx      Qyy      Qzz
    0.10583   7.75632-342.07863 652.30574-310.22710

          Point charges before & after optimization
    NO   At.No.    q0           q(opt)   IVARY  d(rstr)/dq 
     1     6   0.413073       0.413073  -99    0.002353
     2     6   0.190335       0.190335  -99    0.004651
     3     6   0.026799       0.049465    0    0.008963
     4     6   0.041105       0.041105  -99    0.009249
     5     6  -0.034736      -0.037826    0    0.009353
     6     6  -0.014420      -0.027053    0    0.009653
     7     6  -0.017699       0.012584    0    0.009922
     8     6  -0.042959      -0.027053    6    0.009653
     9     6  -0.032702      -0.037826    5    0.009353
    10     6  -0.118968      -0.118968  -99    0.006434
    11     6  -0.036173      -0.036173  -99    0.009404
    12     6  -0.118968      -0.118968  -99    0.006434
    13     6  -0.189273      -0.189273  -99    0.004671
    14     7  -0.389630      -0.389630  -99    0.002486
    15     6   0.383663       0.383663  -99    0.002522
    16     8  -0.292645      -0.292645  -99    0.003234
    17     6   0.137900       0.137900  -99    0.005871
    18     7  -0.555417      -0.555417  -99    0.001772
    19     7  -0.465923      -0.465923  -99    0.002098
    20     6   0.499907       0.499907  -99    0.001962
    21     7  -0.672662      -0.672662  -99    0.001470
    22     7  -0.208955      -0.208955  -99    0.004317
    23     6   0.092871       0.092871  -99    0.007327
    24     6  -0.189273      -0.189273  -99    0.004671
    25     1   0.161099       0.161099  -99    0.000000
    26     1   0.059680       0.047096    0    0.000000
    27     1   0.067396       0.047096   26    0.000000
    28     1   0.039382       0.039382  -99    0.000000
    29     1   0.018357       0.021949    0    0.000000
    30     1   0.006145       0.021949   29    0.000000
    31     1   0.008715       0.008634    0    0.000000
    32     1   0.012801       0.008634   31    0.000000
    33     1   0.012471       0.004187    0    0.000000
    34     1   0.007719       0.004187   33    0.000000
    35     1   0.015935       0.008634   31    0.000000
    36     1   0.020919       0.008634   31    0.000000
    37     1   0.015418       0.021949   29    0.000000
    38     1   0.030548       0.021949   29    0.000000
    39     1   0.165074       0.165074  -99    0.000000
    40     1   0.165074       0.165074  -99    0.000000
    41     1   0.136057       0.136057  -99    0.000000
    42     1   0.370294       0.370294  -99    0.000000
    43     1   0.269363       0.269363  -99    0.000000
    44     1   0.136057       0.136057  -99    0.000000
    45    16   0.980448       0.980448  -99    0.001015
    46     8  -0.568181      -0.568181  -99    0.001733
    47     8  -0.568181      -0.568181  -99    0.001733
    48     1   0.201795       0.153163    0    0.000000
    49     1   0.151662       0.153163   48    0.000000
    50     6  -0.474176      -0.424133    0    0.002295
    51     1   0.152882       0.153163   48    0.000000

        Statistics of the fitting:
  The initial sum of squares (ssvpot)                      0.735
  The residual sum of squares (chipot)                     0.008
  The std err of estimate (sqrt(chipot/N))               0.00202
  ESP relative RMS (SQRT(chipot/ssvpot))                 0.10583

 Dipole Moment (Debye)=   7.75632
