
Resp charges for organic molecule                                               

iqopt   irstrnt  ihfree     qwt
  2      1      1        0.001000

 rel.rms   dipole mom       Qxx      Qyy      Qzz
    0.11693   8.67737-343.55969 677.56359-334.00390

          Point charges before & after optimization
    NO   At.No.    q0           q(opt)   IVARY  d(rstr)/dq 
     1     6   0.477585       0.477585  -99    0.002049
     2     6   0.191902       0.191902  -99    0.004621
     3     6   0.006893       0.031789    0    0.009530
     4     6   0.059974       0.059974  -99    0.008576
     5     6  -0.036924      -0.033998    0    0.009468
     6     6  -0.010138      -0.024512    0    0.009712
     7     6  -0.015824       0.012305    0    0.009925
     8     6  -0.033031      -0.024512    6    0.009712
     9     6  -0.021639      -0.033998    5    0.009468
    10     6  -0.113254      -0.113254  -99    0.006619
    11     6   0.010677       0.010677  -99    0.009943
    12     6  -0.113254      -0.113254  -99    0.006619
    13     6  -0.177623      -0.177623  -99    0.004906
    14     7  -0.443635      -0.443635  -99    0.002199
    15     6   0.443731       0.443731  -99    0.002198
    16     8  -0.304983      -0.304983  -99    0.003116
    17     6   0.133185       0.133185  -99    0.006004
    18     7  -0.558415      -0.558415  -99    0.001763
    19     7  -0.436956      -0.436956  -99    0.002231
    20     6   0.448931       0.448931  -99    0.002174
    21     7  -0.672512      -0.672512  -99    0.001471
    22     7  -0.239095      -0.239095  -99    0.003859
    23     6   0.071925       0.071925  -99    0.008118
    24     6  -0.177623      -0.177623  -99    0.004906
    25     1   0.158986       0.158986  -99    0.000000
    26     1   0.063831       0.048192    0    0.000000
    27     1   0.068076       0.048192   26    0.000000
    28     1   0.034416       0.034416  -99    0.000000
    29     1   0.015661       0.019560    0    0.000000
    30     1   0.005631       0.019560   29    0.000000
    31     1   0.006725       0.007135    0    0.000000
    32     1   0.011076       0.007135   31    0.000000
    33     1   0.010566       0.003862    0    0.000000
    34     1   0.006237       0.003862   33    0.000000
    35     1   0.012170       0.007135   31    0.000000
    36     1   0.015620       0.007135   31    0.000000
    37     1   0.010015       0.019560   29    0.000000
    38     1   0.025981       0.019560   29    0.000000
    39     1   0.151335       0.151335  -99    0.000000
    40     1   0.151335       0.151335  -99    0.000000
    41     1   0.138113       0.138113  -99    0.000000
    42     1   0.364388       0.364388  -99    0.000000
    43     1   0.274104       0.274104  -99    0.000000
    44     1   0.138113       0.138113  -99    0.000000
    45    16   0.881135       0.881135  -99    0.001128
    46     8  -0.510312      -0.510312  -99    0.001923
    47     8  -0.510312      -0.510312  -99    0.001923
    48     1   0.354211       0.354211  -99    0.000000
    49     7  -0.586470      -0.586470  -99    0.001681
    50     6   0.028603       0.037146    0    0.009374
    51     1   0.071048       0.061763    0    0.000000
    52     1   0.020303       0.061763   51    0.000000
    53     1   0.099519       0.061763   51    0.000000

        Statistics of the fitting:
  The initial sum of squares (ssvpot)                      0.821
  The residual sum of squares (chipot)                     0.011
  The std err of estimate (sqrt(chipot/N))               0.00233
  ESP relative RMS (SQRT(chipot/ssvpot))                 0.11693

 Dipole Moment (Debye)=   8.67737
