
Resp charges for organic molecule                                               

iqopt   irstrnt  ihfree     qwt
  2      1      1        0.001000

 rel.rms   dipole mom       Qxx      Qyy      Qzz
    0.09091   8.79919-395.18875 740.75929-345.57053

          Point charges before & after optimization
    NO   At.No.    q0           q(opt)   IVARY  d(rstr)/dq 
     1     6   0.438249       0.438249  -99    0.002225
     2     6   0.184899       0.184899  -99    0.004757
     3     6   0.017533       0.035663    0    0.009419
     4     6   0.047798       0.047798  -99    0.009022
     5     6  -0.033536      -0.036099    0    0.009406
     6     6  -0.011372      -0.021058    0    0.009785
     7     6  -0.016749       0.014054    0    0.009903
     8     6  -0.037386      -0.021058    6    0.009785
     9     6  -0.017508      -0.036099    5    0.009406
    10     6  -0.139967      -0.139967  -99    0.005813
    11     6  -0.069910      -0.069910  -99    0.008196
    12     6  -0.139967      -0.139967  -99    0.005813
    13     6  -0.165797      -0.165797  -99    0.005165
    14     7  -0.414764      -0.414764  -99    0.002344
    15     6   0.407637       0.407637  -99    0.002383
    16     8  -0.299888      -0.299888  -99    0.003163
    17     6   0.157439       0.157439  -99    0.005362
    18     7  -0.560765      -0.560765  -99    0.001756
    19     7  -0.447087      -0.447087  -99    0.002183
    20     6   0.456401       0.456401  -99    0.002140
    21     7  -0.660043      -0.660043  -99    0.001498
    22     7  -0.236795      -0.236795  -99    0.003890
    23     6   0.099831       0.099831  -99    0.007077
    24     6  -0.165797      -0.165797  -99    0.005165
    25     1   0.162910       0.162910  -99    0.000000
    26     1   0.059943       0.055019    0    0.000000
    27     1   0.071017       0.055019   26    0.000000
    28     1   0.036731       0.036731  -99    0.000000
    29     1   0.016342       0.019815    0    0.000000
    30     1   0.005275       0.019815   29    0.000000
    31     1   0.007584       0.006432    0    0.000000
    32     1   0.011732       0.006432   31    0.000000
    33     1   0.011057       0.002614    0    0.000000
    34     1   0.007277       0.002614   33    0.000000
    35     1   0.013319       0.006432   31    0.000000
    36     1   0.016445       0.006432   31    0.000000
    37     1   0.010388       0.019815   29    0.000000
    38     1   0.024298       0.019815   29    0.000000
    39     1   0.168917       0.168917  -99    0.000000
    40     1   0.168917       0.168917  -99    0.000000
    41     1   0.132821       0.132821  -99    0.000000
    42     1   0.367565       0.367565  -99    0.000000
    43     1   0.271685       0.271685  -99    0.000000
    44     1   0.132821       0.132821  -99    0.000000
    45    16   1.053248       1.053248  -99    0.000945
    46     8  -0.532788      -0.532788  -99    0.001845
    47     8  -0.532788      -0.532788  -99    0.001845
    48     1   0.394080       0.394080  -99    0.000000
    49     7  -0.865328      -0.865328  -99    0.001148
    50     1   0.394080       0.394080  -99    0.000000

        Statistics of the fitting:
  The initial sum of squares (ssvpot)                      0.848
  The residual sum of squares (chipot)                     0.007
  The std err of estimate (sqrt(chipot/N))               0.00188
  ESP relative RMS (SQRT(chipot/ssvpot))                 0.09091

 Dipole Moment (Debye)=   8.79919
