Run semi-empirical minimization
 &qmmm
    qm_theory='AM1', grms_tol=0.0005,
 scfconv=1.d-10, ndiis_attempts=700,   qmcharge=0,
 /
   6    C1        1.4220       29.0340        6.7680 
   6    C2       -1.4500       32.1630        8.0080 
   6    C3       -0.5820       26.6250        8.9780 
   6    C4       -1.2500       25.7670       10.0810 
   6    C5       -1.3550       24.3310        9.5270 
   6    C6       -1.6530       23.2730       10.6030 
   6    C7       -0.7810       23.3430       11.8650 
   6    C8       -0.7120       24.7790       12.4320 
   6    C9       -0.3880       25.8600       11.3800 
   6   C10        4.5830       25.6710        5.7900 
   6   C11        4.5700       25.1770        7.1000 
   6   C12        3.9800       25.9200        8.1200 
   6   C13        3.3410       27.1160        7.8080 
   7    N1        0.4880       28.1800        7.4980 
   6   C14       -0.5680       28.6370        8.0860 
   8    O1       -1.3890       27.8080        8.7520 
   6   C15       -0.8370       30.0590        7.9870 
   7    N2       -1.8060       31.0220        8.4250 
   7    N3       -0.3370       32.0960        7.3180 
   6   C16        0.0120       30.8440        7.3110 
   7    N4        1.1720       30.2780        6.7090 
   7    N5        2.5230       28.7210        6.1570 
   6   C17        3.2750       27.5810        6.4880 
   6   C18        3.9400       26.8740        5.4900 
   1    H1       -1.9740       33.0850        8.1590 
   1    H2       -0.5410       26.0540        8.0430 
   1    H3        0.4540       26.7760        9.3100 
   1    H4       -2.2580       26.1250       10.2960 
   1    H5       -0.4090       24.0420        9.0640 
   1    H6       -2.1060       24.2820        8.7360 
   1    H7       -1.6090       22.2710       10.1760 
   1    H8       -2.6840       23.4220       10.9160 
   1    H9        0.2300       23.0140       11.6180 
   1   H10       -1.1520       22.6520       12.6230 
   1   H11       -0.0260       24.8110       13.2720 
   1   H12       -1.6870       25.0180       12.8620 
   1   H13       -0.4740       26.8530       11.8240 
   1   H14        0.6710       25.7290       11.1480 
   1   H15        5.0650       25.1160        4.9960 
   1   H16        3.9850       25.5640        9.1420 
   1   H17        2.8430       27.6600        8.5930 
   1   H18        0.0880       32.8960        6.8440 
   1   H19        3.0040       29.4800        5.6950 
   1   H20        3.9280       27.2370        4.4750 
  16    S1        5.3090       23.5920        7.4680 
   8    O2        6.5990       23.8330        8.1080 
   8    O3        5.2150       22.7710        6.2580 
   1   H21        4.4940       23.2520        9.5850 
   7    N6        4.3220       22.8370        8.6440 
   1   H22        3.3400       22.9180        8.3890 

