
Resp charges for organic molecule                                               

iqopt   irstrnt  ihfree     qwt
  2      1      1        0.001000

 rel.rms   dipole mom       Qxx      Qyy      Qzz
    0.12491   1.99386-108.90414 264.58363-155.67949

          Point charges before & after optimization
    NO   At.No.    q0           q(opt)   IVARY  d(rstr)/dq 
     1     6   0.487967       0.487967  -99    0.002008
     2     6   0.195263       0.195263  -99    0.004558
     3     6   0.027703       0.055015    0    0.008761
     4     6   0.042200       0.042200  -99    0.009213
     5     6  -0.035489      -0.028992    0    0.009604
     6     6  -0.010204      -0.017336    0    0.009853
     7     6  -0.013289       0.011067    0    0.009939
     8     6  -0.044040      -0.017336    6    0.009853
     9     6  -0.018108      -0.028992    5    0.009604
    10     6  -0.147728      -0.147728  -99    0.005606
    11     6  -0.146195      -0.146195  -99    0.005646
    12     6  -0.147728      -0.147728  -99    0.005606
    13     6  -0.153484      -0.153484  -99    0.005459
    14     7  -0.396466      -0.396466  -99    0.002446
    15     6   0.351217       0.351217  -99    0.002738
    16     8  -0.276946      -0.276946  -99    0.003396
    17     6   0.131425       0.131425  -99    0.006055
    18     7  -0.557099      -0.557099  -99    0.001767
    19     7  -0.456169      -0.456169  -99    0.002141
    20     6   0.479984       0.479984  -99    0.002040
    21     7  -0.690687      -0.690687  -99    0.001433
    22     7  -0.280619      -0.280619  -99    0.003357
    23     6   0.077395       0.077395  -99    0.007908
    24     6  -0.153484      -0.153484  -99    0.005459
    25     1   0.154014       0.154014  -99    0.000000
    26     1   0.068371       0.050754    0    0.000000
    27     1   0.058867       0.050754   26    0.000000
    28     1   0.033768       0.033768  -99    0.000000
    29     1   0.015261       0.014824    0    0.000000
    30     1   0.004830       0.014824   29    0.000000
    31     1   0.004875       0.005443    0    0.000000
    32     1   0.011626       0.005443   31    0.000000
    33     1   0.008732       0.000204    0    0.000000
    34     1   0.005070       0.000204   33    0.000000
    35     1   0.013013       0.005443   31    0.000000
    36     1   0.020582       0.005443   31    0.000000
    37     1   0.011027       0.014824   29    0.000000
    38     1   0.027583       0.014824   29    0.000000
    39     1   0.140687       0.140687  -99    0.000000
    40     1   0.130220       0.130220  -99    0.000000
    41     1   0.140687       0.140687  -99    0.000000
    42     1   0.118797       0.118797  -99    0.000000
    43     1   0.365317       0.365317  -99    0.000000
    44     1   0.282456       0.282456  -99    0.000000
    45     1   0.118797       0.118797  -99    0.000000

        Statistics of the fitting:
  The initial sum of squares (ssvpot)                      0.346
  The residual sum of squares (chipot)                     0.005
  The std err of estimate (sqrt(chipot/N))               0.00177
  ESP relative RMS (SQRT(chipot/ssvpot))                 0.12491

 Dipole Moment (Debye)=   1.99386
