Run semi-empirical minimization
 &qmmm
    qm_theory='AM1', grms_tol=0.0005,
 scfconv=1.d-10, ndiis_attempts=700,   qmcharge=0,
 /
   6    C1        1.4220       29.0340        6.7680 
   6    C2       -1.4500       32.1630        8.0080 
   6    C3       -0.5820       26.6250        8.9780 
   6    C4       -1.2500       25.7670       10.0810 
   6    C5       -1.3550       24.3310        9.5270 
   6    C6       -1.6530       23.2730       10.6030 
   6    C7       -0.7810       23.3430       11.8650 
   6    C8       -0.7120       24.7790       12.4320 
   6    C9       -0.3880       25.8600       11.3800 
   6   C10        3.8830       25.4730        7.4170 
   6   C11        4.7150       25.1300        6.3550 
   6   C12        4.8270       25.9690        5.2530 
   6   C13        4.1090       27.1610        5.2180 
   7    N1        0.4880       28.1800        7.4980 
   6   C14       -0.5680       28.6370        8.0860 
   8    O1       -1.3890       27.8080        8.7520 
   6   C15       -0.8370       30.0590        7.9870 
   7    N2       -1.8060       31.0220        8.4250 
   7    N3       -0.3370       32.0960        7.3180 
   6   C16        0.0120       30.8440        7.3110 
   7    N4        1.1720       30.2780        6.7090 
   7    N5        2.5230       28.7210        6.1570 
   6   C17        3.2720       27.5370        6.2660 
   6   C18        3.2070       26.7020        7.3870 
   1    H1       -1.9730       33.0850        8.1590 
   1    H2       -0.5320       26.0530        8.0440 
   1    H3        0.4480       26.7890        9.3210 
   1    H4       -2.2580       26.1250       10.2960 
   1    H5       -0.4170       24.0350        9.0560 
   1    H6       -2.1110       24.2840        8.7400 
   1    H7       -1.6100       22.2700       10.1760 
   1    H8       -2.6840       23.4230       10.9170 
   1    H9        0.2300       23.0140       11.6180 
   1   H10       -1.1520       22.6520       12.6230 
   1   H11       -0.0270       24.8110       13.2730 
   1   H12       -1.6870       25.0180       12.8620 
   1   H13       -0.4770       26.8520       11.8250 
   1   H14        0.6710       25.7320       11.1530 
   8    O2        3.7340       24.5260        8.4030 
   1   H15        5.2600       24.2000        6.3700 
   1   H16        5.4730       25.7040        4.4280 
   1   H17        4.2200       27.7980        4.3630 
   1   H18        0.0880       32.8960        6.8440 
   1   H19        2.9030       29.4470        5.5670 
   1   H20        2.5820       26.9920        8.2140 
   6   C19        2.6680       24.6890        9.3380 
   1   H21        1.7150       24.8460        8.8390 
   1   H22        2.5590       23.7910        9.9460 
   1   H23        2.8510       25.5280       10.0080 

