
Resp charges for organic molecule                                               

iqopt   irstrnt  ihfree     qwt
  2      1      1        0.001000

 rel.rms   dipole mom       Qxx      Qyy      Qzz
    0.10978   4.48589-225.17706 321.92835 -96.75130

          Point charges before & after optimization
    NO   At.No.    q0           q(opt)   IVARY  d(rstr)/dq 
     1     6   0.453536       0.453536  -99    0.002153
     2     6   0.190481       0.190481  -99    0.004648
     3     6   0.022625       0.051724    0    0.008882
     4     6   0.059693       0.059693  -99    0.008587
     5     6  -0.039061      -0.044436    0    0.009138
     6     6  -0.009901      -0.022637    0    0.009753
     7     6  -0.017984       0.013531    0    0.009910
     8     6  -0.044805      -0.022637    6    0.009753
     9     6  -0.025332      -0.044436    5    0.009138
    10     6  -0.119733      -0.119733  -99    0.006410
    11     6  -0.102598      -0.102598  -99    0.006980
    12     6  -0.119733      -0.119733  -99    0.006410
    13     6  -0.170845      -0.170845  -99    0.005052
    14     7  -0.429638      -0.429638  -99    0.002267
    15     6   0.420144       0.420144  -99    0.002315
    16     8  -0.297951      -0.297951  -99    0.003182
    17     6   0.120708       0.120708  -99    0.006380
    18     7  -0.555525      -0.555525  -99    0.001772
    19     7  -0.457855      -0.457855  -99    0.002134
    20     6   0.489882       0.489882  -99    0.002000
    21     7  -0.681655      -0.681655  -99    0.001451
    22     7  -0.232547      -0.232547  -99    0.003950
    23     6   0.077350       0.077350  -99    0.007910
    24     6  -0.170845      -0.170845  -99    0.005052
    25     1   0.159044       0.159044  -99    0.000000
    26     1   0.054021       0.041370    0    0.000000
    27     1   0.057581       0.041370   26    0.000000
    28     1   0.037033       0.037033  -99    0.000000
    29     1   0.013188       0.020564    0    0.000000
    30     1   0.005193       0.020564   29    0.000000
    31     1   0.006443       0.007049    0    0.000000
    32     1   0.011605       0.007049   31    0.000000
    33     1   0.010828       0.002974    0    0.000000
    34     1   0.008462       0.002974   33    0.000000
    35     1   0.015585       0.007049   31    0.000000
    36     1   0.018988       0.007049   31    0.000000
    37     1   0.011467       0.020564   29    0.000000
    38     1   0.031345       0.020564   29    0.000000
    39     1   0.137660       0.137660  -99    0.000000
    40     1   0.137660       0.137660  -99    0.000000
    41     1   0.135569       0.135569  -99    0.000000
    42     1   0.368325       0.368325  -99    0.000000
    43     1   0.272900       0.272900  -99    0.000000
    44     1   0.135569       0.135569  -99    0.000000
    45     6   0.742730       0.742730  -99    0.001334
    46     8  -0.573540      -0.573540  -99    0.001718
    47     1   0.391777       0.391777  -99    0.000000
    48     7  -0.939621      -0.939621  -99    0.001058
    49     1   0.391777       0.391777  -99    0.000000

        Statistics of the fitting:
  The initial sum of squares (ssvpot)                      0.597
  The residual sum of squares (chipot)                     0.007
  The std err of estimate (sqrt(chipot/N))               0.00193
  ESP relative RMS (SQRT(chipot/ssvpot))                 0.10978

 Dipole Moment (Debye)=   4.48589
