
Resp charges for organic molecule                                               

iqopt   irstrnt  ihfree     qwt
  2      1      1        0.001000

 rel.rms   dipole mom       Qxx      Qyy      Qzz
    0.12363   3.47067 -89.65073 299.39027-209.73954

          Point charges before & after optimization
    NO   At.No.    q0           q(opt)   IVARY  d(rstr)/dq 
     1     6   0.403752       0.403752  -99    0.002404
     2     6   0.201041       0.201041  -99    0.004454
     3     6  -0.007732      -0.000879    0    0.010000
     4     6   0.020914       0.020914  -99    0.009788
     5     6  -0.018258      -0.013323    0    0.009912
     6     6  -0.030408      -0.013207    0    0.009914
     7     6  -0.004958       0.015519    0    0.009881
     8     6  -0.024363      -0.013207    6    0.009914
     9     6  -0.016904      -0.013323    5    0.009912
    10     6  -0.212660      -0.212660  -99    0.004255
    11     6   0.280847       0.280847  -99    0.003354
    12     6  -0.212660      -0.212660  -99    0.004255
    13     6  -0.208517      -0.208517  -99    0.004324
    14     7  -0.311847      -0.311847  -99    0.003054
    15     6   0.281541       0.281541  -99    0.003347
    16     8  -0.253346      -0.253346  -99    0.003672
    17     6   0.183969       0.183969  -99    0.004776
    18     7  -0.569248      -0.569248  -99    0.001730
    19     7  -0.465341      -0.465341  -99    0.002101
    20     6   0.454657       0.454657  -99    0.002148
    21     7  -0.660228      -0.660228  -99    0.001498
    22     7  -0.258610      -0.258610  -99    0.003607
    23     6   0.096044       0.096044  -99    0.007212
    24     6  -0.208517      -0.208517  -99    0.004324
    25     1   0.152925       0.152925  -99    0.000000
    26     1   0.074145       0.073239    0    0.000000
    27     1   0.080359       0.073239   26    0.000000
    28     1   0.037955       0.037955  -99    0.000000
    29     1   0.023879       0.012569    0    0.000000
    30     1   0.011256       0.012569   29    0.000000
    31     1   0.008176       0.002937    0    0.000000
    32     1   0.017368       0.002937   31    0.000000
    33     1   0.005463      -0.002559    0    0.000000
    34     1   0.003702      -0.002559   33    0.000000
    35     1   0.004656       0.002937   31    0.000000
    36     1   0.013330       0.002937   31    0.000000
    37     1   0.005421       0.012569   29    0.000000
    38     1   0.019832       0.012569   29    0.000000
    39     1   0.161878       0.161878  -99    0.000000
    40     8  -0.540273      -0.540273  -99    0.001820
    41     1   0.161878       0.161878  -99    0.000000
    42     1   0.135790       0.135790  -99    0.000000
    43     1   0.367175       0.367175  -99    0.000000
    44     1   0.278473       0.278473  -99    0.000000
    45     1   0.135790       0.135790  -99    0.000000
    46     1   0.381654       0.381654  -99    0.000000

        Statistics of the fitting:
  The initial sum of squares (ssvpot)                      0.458
  The residual sum of squares (chipot)                     0.007
  The std err of estimate (sqrt(chipot/N))               0.00198
  ESP relative RMS (SQRT(chipot/ssvpot))                 0.12363

 Dipole Moment (Debye)=   3.47067
