Run semi-empirical minimization
 &qmmm
    qm_theory='AM1', grms_tol=0.0005,
 scfconv=1.d-10, ndiis_attempts=700,   qmcharge=0,
 /
   6    C1        1.6760       29.2130        6.9300 
   6    C2       -1.6820       31.7650        8.2970 
   6    C3       -0.2320       26.3840        9.2700 
   6    C4       -1.1380       25.5790       10.2360 
   6    C5       -0.6590       24.1040       10.3260 
   6    C6       -1.5670       23.2810       11.2670 
   6    C7       -1.6270       23.9040       12.6810 
   6    C8       -2.0830       25.3830       12.6170 
   6    C9       -1.1970       26.2160       11.6560 
   6   C10        4.0210       25.2590        6.4000 
   6   C11        5.0050       25.2910        5.4040 
   6   C12        5.2710       26.4890        4.7260 
   6   C13        4.5430       27.6460        5.0370 
   7    N1        1.0170       28.2740        7.6210 
   6   C14       -0.1390       28.6010        8.2460 
   8    O1       -0.8160       27.6730        9.0030 
   6   C15       -0.6100       29.9240        8.1360 
   7    N2       -1.7670       30.4950        8.6860 
   7    N3       -0.5300       32.0000        7.5360 
   6   C16        0.1390       30.8190        7.4310 
   7    N4        1.2950       30.5160        6.7910 
   7    N5        2.8520       28.8570        6.2550 
   6   C17        3.5500       27.6410        6.0360 
   6   C18        3.3080       26.4370        6.7380 
   1    H1       -2.4040       32.5520        8.5110 
   1    H2       -0.1150       25.8240        8.3350 
   1    H3        0.7640       26.4900        9.7200 
   1    H4       -2.1470       25.5890        9.8020 
   1    H5        0.3790       24.0680       10.6880 
   1    H6       -0.6590       23.6470        9.3270 
   1    H7       -1.2080       22.2450       11.3270 
   1    H8       -2.5780       23.2430       10.8430 
   1    H9       -0.6410       23.8380       13.1570 
   1   H10       -2.3180       23.3300       13.3120 
   1   H11       -2.0550       25.8210       13.6230 
   1   H12       -3.1300       25.4260       12.2850 
   1   H13       -1.5890       27.2410       11.5970 
   1   H14       -0.1830       26.2960       12.0710 
   8    O2        3.7710       24.0390        7.0120 
   1   H15        5.5590       24.3930        5.1460 
   1   H16        6.0360       26.5220        3.9520 
   1   H17        4.7590       28.5520        4.4840 
   1   H18       -0.2710       32.8670        7.1040 
   1   H19        3.2690       29.6390        5.7730 
   1   H20        2.5630       26.3970        7.5240 
   6   C19        2.8290       23.9200        8.0910 
   1   H21        1.8140       24.1620        7.7520 
   1   H22        2.8260       22.8990        8.4900 
   1   H23        3.0940       24.5990        8.9140 

