
Resp charges for organic molecule                                               

iqopt   irstrnt  ihfree     qwt
  2      1      1        0.001000

 rel.rms   dipole mom       Qxx      Qyy      Qzz
    0.15102   6.73927-244.97476 641.49176-396.51700

          Point charges before & after optimization
    NO   At.No.    q0           q(opt)   IVARY  d(rstr)/dq 
     1     6   0.364779       0.364779  -99    0.002644
     2     6   0.175454       0.175454  -99    0.004952
     3     6   0.031727       0.027321    0    0.009646
     4     6   0.018276       0.018276  -99    0.009837
     5     6  -0.031991      -0.019464    0    0.009816
     6     6  -0.018757      -0.019616    0    0.009813
     7     6  -0.009962       0.012644    0    0.009921
     8     6  -0.029841      -0.019616    6    0.009813
     9     6  -0.022953      -0.019464    5    0.009816
    10     6  -0.052752      -0.052752  -99    0.008845
    11     6   0.021397       0.021397  -99    0.009779
    12     6  -0.052752      -0.052752  -99    0.008845
    13     6  -0.229289      -0.229289  -99    0.003998
    14     7  -0.303686      -0.303686  -99    0.003128
    15     6   0.271276       0.271276  -99    0.003459
    16     8  -0.269358      -0.269358  -99    0.003480
    17     6   0.205355       0.205355  -99    0.004378
    18     7  -0.563506      -0.563506  -99    0.001747
    19     7  -0.457295      -0.457295  -99    0.002136
    20     6   0.472468       0.472468  -99    0.002071
    21     7  -0.660708      -0.660708  -99    0.001496
    22     7  -0.186765      -0.186765  -99    0.004720
    23     6   0.076738       0.076738  -99    0.007933
    24     6  -0.229289      -0.229289  -99    0.003998
    25     1   0.162968       0.162968  -99    0.000000
    26     1   0.072632       0.069356    0    0.000000
    27     1   0.073776       0.069356   26    0.000000
    28     1   0.037485       0.037485  -99    0.000000
    29     1   0.024776       0.016912    0    0.000000
    30     1   0.007302       0.016912   29    0.000000
    31     1   0.006852       0.006034    0    0.000000
    32     1   0.014145       0.006034   31    0.000000
    33     1   0.008044      -0.000336    0    0.000000
    34     1   0.003675      -0.000336   33    0.000000
    35     1   0.009933       0.006034   31    0.000000
    36     1   0.016835       0.006034   31    0.000000
    37     1   0.014019       0.016912   29    0.000000
    38     1   0.022331       0.016912   29    0.000000
    39     1   0.135771       0.135771  -99    0.000000
    40     1   0.135771       0.135771  -99    0.000000
    41     1   0.128822       0.128822  -99    0.000000
    42     1   0.366953       0.366953  -99    0.000000
    43     1   0.266227       0.266227  -99    0.000000
    44     1   0.128822       0.128822  -99    0.000000
    45    16   0.225676       0.225676  -99    0.004051
    46     8  -0.476960      -0.476960  -99    0.002052
    47     1   0.167704       0.118942    0    0.000000
    48     1   0.138167       0.118942   47    0.000000
    49     6  -0.298023      -0.260336    0    0.003586
    50     1   0.087732       0.118942   47    0.000000

        Statistics of the fitting:
  The initial sum of squares (ssvpot)                      0.610
  The residual sum of squares (chipot)                     0.014
  The std err of estimate (sqrt(chipot/N))               0.00265
  ESP relative RMS (SQRT(chipot/ssvpot))                 0.15102

 Dipole Moment (Debye)=   6.73927
