
Resp charges for organic molecule                                               

iqopt   irstrnt  ihfree     qwt
  2      1      1        0.001000

 rel.rms   dipole mom       Qxx      Qyy      Qzz
    0.09807   8.59248-436.35815 690.97825-254.62009

          Point charges before & after optimization
    NO   At.No.    q0           q(opt)   IVARY  d(rstr)/dq 
     1     6   0.384124       0.384124  -99    0.002519
     2     6   0.181289       0.181289  -99    0.004830
     3     6  -0.027917       0.051882    0    0.008876
     4     6  -0.000257      -0.000257  -99    0.010000
     5     6  -0.021493      -0.018407    0    0.009835
     6     6  -0.012867      -0.007809    0    0.009970
     7     6  -0.020870      -0.012919    0    0.009918
     8     6  -0.023389      -0.007809    6    0.009970
     9     6  -0.004790      -0.018407    5    0.009835
    10     6  -0.108800      -0.108800  -99    0.006767
    11     6  -0.069242      -0.069242  -99    0.008221
    12     6   0.066268       0.066268  -99    0.008336
    13     6   0.028287       0.028287  -99    0.009622
    14     7  -0.308558      -0.308558  -99    0.003083
    15     6   0.273130       0.273130  -99    0.003438
    16     8  -0.267301      -0.267301  -99    0.003504
    17     6   0.246220       0.246220  -99    0.003763
    18     7  -0.573381      -0.573381  -99    0.001718
    19     7  -0.455303      -0.455303  -99    0.002145
    20     6   0.423663       0.423663  -99    0.002297
    21     7  -0.629151      -0.629151  -99    0.001570
    22     7  -0.195785      -0.195785  -99    0.004549
    23     6   0.012545       0.012545  -99    0.009922
    24     6  -0.242247      -0.242247  -99    0.003816
    25     1   0.165879       0.165879  -99    0.000000
    26     1   0.117988       0.072938    0    0.000000
    27     1   0.104778       0.072938   26    0.000000
    28     1   0.044717       0.044717  -99    0.000000
    29     1   0.015827       0.007784    0    0.000000
    30     1   0.000047       0.007784   29    0.000000
    31     1   0.007813       0.008535    0    0.000000
    32     1   0.015789       0.008535   31    0.000000
    33     1   0.009417       0.005922    0    0.000000
    34     1   0.006776       0.005922   33    0.000000
    35     1   0.009367       0.008535   31    0.000000
    36     1   0.016262       0.008535   31    0.000000
    37     1   0.012347       0.007784   29    0.000000
    38     1   0.018192       0.007784   29    0.000000
    39     1  -0.017736      -0.017736  -99    0.000000
    40     1   0.372232       0.372232  -99    0.000000
    41     1   0.262261       0.262261  -99    0.000000
    42     1   0.172196       0.172196  -99    0.000000
    43    16   1.028455       1.028455  -99    0.000968
    44     8  -0.532277      -0.532277  -99    0.001846
    45     8  -0.532277      -0.532277  -99    0.001846
    46     1   0.386551       0.386551  -99    0.000000
    47     7  -0.831960      -0.831960  -99    0.001193
    48     1   0.386551       0.386551  -99    0.000000
    49     8  -0.295376      -0.295376  -99    0.003207
    50     6  -0.000668       0.009796    0    0.009952
    51     1   0.080329       0.079796    0    0.000000
    52     1   0.108777       0.079796   51    0.000000
    53     1   0.046998       0.079796   51    0.000000
    54     1   0.166569       0.166569  -99    0.000000

        Statistics of the fitting:
  The initial sum of squares (ssvpot)                      0.804
  The residual sum of squares (chipot)                     0.008
  The std err of estimate (sqrt(chipot/N))               0.00195
  ESP relative RMS (SQRT(chipot/ssvpot))                 0.09807

 Dipole Moment (Debye)=   8.59248
