
Resp charges for organic molecule                                               

iqopt   irstrnt  ihfree     qwt
  2      1      1        0.001000

 rel.rms   dipole mom       Qxx      Qyy      Qzz
    0.13764   2.52303-175.06194 291.40136-116.33942

          Point charges before & after optimization
    NO   At.No.    q0           q(opt)   IVARY  d(rstr)/dq 
     1     6   0.475925       0.475925  -99    0.002056
     2     6   0.197460       0.197460  -99    0.004518
     3     6   0.033688       0.068149    0    0.008263
     4     6   0.007388       0.007388  -99    0.009973
     5     6  -0.025178      -0.020261    0    0.009801
     6     6  -0.015368      -0.016346    0    0.009869
     7     6  -0.012572       0.010018    0    0.009950
     8     6  -0.033505      -0.016346    6    0.009869
     9     6  -0.008052      -0.020261    5    0.009801
    10     6  -0.108930      -0.108930  -99    0.006763
    11     6  -0.083995      -0.083995  -99    0.007657
    12     6  -0.165676      -0.165676  -99    0.005168
    13     6  -0.030917      -0.030917  -99    0.009554
    14     7  -0.329910      -0.329910  -99    0.002901
    15     6   0.269339       0.269339  -99    0.003481
    16     8  -0.266005      -0.266005  -99    0.003519
    17     6   0.185754       0.185754  -99    0.004740
    18     7  -0.562463      -0.562463  -99    0.001750
    19     7  -0.449191      -0.449191  -99    0.002173
    20     6   0.447241       0.447241  -99    0.002182
    21     7  -0.667138      -0.667138  -99    0.001482
    22     7  -0.303576      -0.303576  -99    0.003129
    23     6   0.028077       0.028077  -99    0.009628
    24     6  -0.051275      -0.051275  -99    0.008898
    25     1   0.154263       0.154263  -99    0.000000
    26     1   0.087995       0.069106    0    0.000000
    27     1   0.081636       0.069106   26    0.000000
    28     1   0.037684       0.037684  -99    0.000000
    29     1   0.014576       0.011798    0    0.000000
    30     1   0.000844       0.011798   29    0.000000
    31     1   0.006027       0.006587    0    0.000000
    32     1   0.015135       0.006587   31    0.000000
    33     1   0.009963       0.000526    0    0.000000
    34     1   0.004451       0.000526   33    0.000000
    35     1   0.010760       0.006587   31    0.000000
    36     1   0.018068       0.006587   31    0.000000
    37     1   0.011816       0.011798   29    0.000000
    38     1   0.017472       0.011798   29    0.000000
    39    35  -0.079601      -0.079601  -99    0.007824
    40     1   0.135777       0.135777  -99    0.000000
    41     1   0.146873       0.146873  -99    0.000000
    42     1   0.019574       0.019574  -99    0.000000
    43     1   0.365422       0.365422  -99    0.000000
    44     1   0.290425       0.290425  -99    0.000000
    45     1   0.119722       0.119722  -99    0.000000

        Statistics of the fitting:
  The initial sum of squares (ssvpot)                      0.333
  The residual sum of squares (chipot)                     0.006
  The std err of estimate (sqrt(chipot/N))               0.00176
  ESP relative RMS (SQRT(chipot/ssvpot))                 0.13764

 Dipole Moment (Debye)=   2.52303
