
Resp charges for organic molecule                                               

iqopt   irstrnt  ihfree     qwt
  2      1      1        0.001000

 rel.rms   dipole mom       Qxx      Qyy      Qzz
    0.09020   6.78422-269.75536 346.53979 -76.78442

          Point charges before & after optimization
    NO   At.No.    q0           q(opt)   IVARY  d(rstr)/dq 
     1     6   0.469345       0.469345  -99    0.002084
     2     6   0.204822       0.204822  -99    0.004387
     3     6   0.018949       0.053570    0    0.008815
     4     6   0.010891       0.010891  -99    0.009941
     5     6  -0.019041      -0.009475    0    0.009955
     6     6  -0.015513      -0.010805    0    0.009942
     7     6  -0.014717       0.000566    0    0.010000
     8     6  -0.034431      -0.010805    6    0.009942
     9     6  -0.006605      -0.009475    5    0.009955
    10     6  -0.054601      -0.054601  -99    0.008777
    11     6  -0.195495      -0.195495  -99    0.004554
    12     6  -0.141593      -0.141593  -99    0.005769
    13     6  -0.009650      -0.009650  -99    0.009954
    14     7  -0.361432      -0.361432  -99    0.002667
    15     6   0.322061       0.322061  -99    0.002965
    16     8  -0.269197      -0.269197  -99    0.003482
    17     6   0.145945       0.145945  -99    0.005652
    18     7  -0.555218      -0.555218  -99    0.001773
    19     7  -0.447986      -0.447986  -99    0.002179
    20     6   0.460555       0.460555  -99    0.002122
    21     7  -0.672202      -0.672202  -99    0.001471
    22     7  -0.255052      -0.255052  -99    0.003650
    23     6   0.022648       0.022648  -99    0.009753
    24     6  -0.164561      -0.164561  -99    0.005193
    25     1   0.152759       0.152759  -99    0.000000
    26     1   0.099524       0.071592    0    0.000000
    27     1   0.072165       0.071592   26    0.000000
    28     1   0.037468       0.037468  -99    0.000000
    29     1   0.013106       0.006090    0    0.000000
    30     1  -0.001628       0.006090   29    0.000000
    31     1   0.005986       0.006047    0    0.000000
    32     1   0.015410       0.006047   31    0.000000
    33     1   0.009460       0.002161    0    0.000000
    34     1   0.006911       0.002161   33    0.000000
    35     1   0.011210       0.006047   31    0.000000
    36     1   0.018994       0.006047   31    0.000000
    37     1   0.010507       0.006090   29    0.000000
    38     1   0.019338       0.006090   29    0.000000
    39     1   0.176736       0.176736  -99    0.000000
    40     1   0.149615       0.149615  -99    0.000000
    41     1   0.023080       0.023080  -99    0.000000
    42     1   0.366230       0.366230  -99    0.000000
    43     1   0.281194       0.281194  -99    0.000000
    44     1   0.164528       0.164528  -99    0.000000
    45    16   1.051115       1.051115  -99    0.000947
    46     8  -0.526258      -0.526258  -99    0.001867
    47     8  -0.526258      -0.526258  -99    0.001867
    48     1   0.392398       0.392398  -99    0.000000
    49     7  -0.853913      -0.853913  -99    0.001163
    50     1   0.392398       0.392398  -99    0.000000

        Statistics of the fitting:
  The initial sum of squares (ssvpot)                      0.810
  The residual sum of squares (chipot)                     0.007
  The std err of estimate (sqrt(chipot/N))               0.00183
  ESP relative RMS (SQRT(chipot/ssvpot))                 0.09020

 Dipole Moment (Debye)=   6.78422
