Run semi-empirical minimization
 &qmmm
    qm_theory='AM1', grms_tol=0.0005,
 scfconv=1.d-10, ndiis_attempts=700,   qmcharge=0,
 /
   6    C1        1.4220       29.0340        6.7680 
   6    C2       -1.4500       32.1630        8.0080 
   6    C3       -0.5820       26.6250        8.9780 
   6    C4       -1.2500       25.7670       10.0810 
   6    C5       -1.3550       24.3310        9.5270 
   6    C6       -1.6530       23.2730       10.6030 
   6    C7       -0.7810       23.3430       11.8650 
   6    C8       -0.7120       24.7790       12.4320 
   6    C9       -0.3880       25.8600       11.3800 
   6   C10        4.1430       25.6520        7.4210 
   6   C11        4.8390       25.2160        6.2930 
   6   C12        4.7710       25.9620        5.1250 
   6   C13        4.0210       27.1340        5.1080 
   7    N1        0.4880       28.1800        7.4980 
   6   C14       -0.5680       28.6370        8.0860 
   8    O1       -1.3890       27.8080        8.7520 
   6   C15       -0.8370       30.0590        7.9870 
   7    N2       -1.8060       31.0220        8.4250 
   7    N3       -0.3370       32.0960        7.3180 
   6   C16        0.0120       30.8440        7.3110 
   7    N4        1.1720       30.2780        6.7090 
   7    N5        2.5230       28.7210        6.1570 
   6   C17        3.2730       27.5440        6.2110 
   6   C18        3.3460       26.7930        7.3750 
   1    H1       -1.9730       33.0850        8.1590 
   1    H2       -0.5400       26.0540        8.0430 
   1    H3        0.4540       26.7750        9.3100 
   1    H4       -2.2580       26.1250       10.2960 
   1    H5       -0.4080       24.0430        9.0650 
   1    H6       -2.1050       24.2820        8.7350 
   1    H7       -1.6080       22.2710       10.1750 
   1    H8       -2.6840       23.4220       10.9160 
   1    H9        0.2300       23.0150       11.6170 
   1   H10       -1.1510       22.6510       12.6230 
   1   H11       -1.6860       25.0180       12.8630 
   1   H12       -0.0260       24.8110       13.2720 
   1   H13       -0.4730       26.8530       11.8240 
   1   H14        0.6710       25.7270       11.1460 
   1   H15        5.4670       24.3390        6.3310 
   1   H16        5.3400       25.6690        4.2540 
   1   H17        4.0590       27.7370        4.2330 
   1   H18        0.0880       32.8960        6.8440 
   1   H19        2.8920       29.4590        5.5750 
   1   H20        2.8130       27.1170        8.2570 
   6   C19        4.3220       24.9630        8.7290 
   1   H21        4.0790       25.6570        9.5330 
   8    O2        3.5440       23.8060        8.8880 
   1   H22        5.3750       24.7100        8.8470 
   1   H23        3.7870       23.5620        9.8140 

