
Resp charges for organic molecule                                               

iqopt   irstrnt  ihfree     qwt
  2      1      1        0.001000

 rel.rms   dipole mom       Qxx      Qyy      Qzz
    0.14227   2.50353-174.24722 289.76012-115.51291

          Point charges before & after optimization
    NO   At.No.    q0           q(opt)   IVARY  d(rstr)/dq 
     1     6   0.454378       0.454378  -99    0.002149
     2     6   0.200633       0.200633  -99    0.004461
     3     6   0.037066       0.072555    0    0.008093
     4     6   0.011131       0.011131  -99    0.009939
     5     6  -0.023545      -0.019066    0    0.009823
     6     6  -0.012539      -0.014398    0    0.009898
     7     6  -0.011723       0.009692    0    0.009953
     8     6  -0.032628      -0.014398    6    0.009898
     9     6  -0.009680      -0.019066    5    0.009823
    10     6  -0.026944      -0.026944  -99    0.009656
    11     6  -0.079378      -0.079378  -99    0.007832
    12     6  -0.200135      -0.200135  -99    0.004470
    13     6  -0.028697      -0.028697  -99    0.009612
    14     7  -0.332126      -0.332126  -99    0.002883
    15     6   0.276633       0.276633  -99    0.003400
    16     8  -0.268701      -0.268701  -99    0.003488
    17     6   0.182681       0.182681  -99    0.004802
    18     7  -0.564036      -0.564036  -99    0.001746
    19     7  -0.454589      -0.454589  -99    0.002148
    20     6   0.455245       0.455245  -99    0.002145
    21     7  -0.667756      -0.667756  -99    0.001481
    22     7  -0.263498      -0.263498  -99    0.003548
    23     6   0.018995       0.018995  -99    0.009824
    24     6  -0.103600      -0.103600  -99    0.006945
    25     1   0.153530       0.153530  -99    0.000000
    26     1   0.085666       0.066286    0    0.000000
    27     1   0.079217       0.066286   26    0.000000
    28     1   0.035676       0.035676  -99    0.000000
    29     1   0.013330       0.010933    0    0.000000
    30     1   0.000029       0.010933   29    0.000000
    31     1   0.004554       0.005896    0    0.000000
    32     1   0.014425       0.005896   31    0.000000
    33     1   0.009535       0.000088    0    0.000000
    34     1   0.003831       0.000088   33    0.000000
    35     1   0.010347       0.005896   31    0.000000
    36     1   0.017551       0.005896   31    0.000000
    37     1   0.012657       0.010933   29    0.000000
    38     1   0.017288       0.010933   29    0.000000
    39    17  -0.112388      -0.112388  -99    0.006647
    40     1   0.132789       0.132789  -99    0.000000
    41     1   0.157075       0.157075  -99    0.000000
    42     1   0.026375       0.026375  -99    0.000000
    43     1   0.366488       0.366488  -99    0.000000
    44     1   0.280533       0.280533  -99    0.000000
    45     1   0.134302       0.134302  -99    0.000000

        Statistics of the fitting:
  The initial sum of squares (ssvpot)                      0.348
  The residual sum of squares (chipot)                     0.007
  The std err of estimate (sqrt(chipot/N))               0.00196
  ESP relative RMS (SQRT(chipot/ssvpot))                 0.14227

 Dipole Moment (Debye)=   2.50353
