
Resp charges for organic molecule                                               

iqopt   irstrnt  ihfree     qwt
  2      1      1        0.001000

 rel.rms   dipole mom       Qxx      Qyy      Qzz
    0.15861   3.69335-119.34145 355.79949-236.45804

          Point charges before & after optimization
    NO   At.No.    q0           q(opt)   IVARY  d(rstr)/dq 
     1     6   0.323641       0.323641  -99    0.002952
     2     6   0.178850       0.178850  -99    0.004880
     3     6  -0.010463       0.008676    0    0.009963
     4     6  -0.009829      -0.009829  -99    0.009952
     5     6   0.066614       0.011020    0    0.009940
     6     6  -0.027143      -0.023205    0    0.009741
     7     6  -0.005235       0.010251    0    0.009948
     8     6  -0.035681      -0.023205    6    0.009741
     9     6  -0.016662       0.011020    5    0.009940
    10     6  -0.227867      -0.227867  -99    0.004019
    11     6  -0.040235      -0.040235  -99    0.009277
    12     6   0.084540       0.084540  -99    0.007637
    13     6   0.014832       0.014832  -99    0.009892
    14     7  -0.239922      -0.239922  -99    0.003847
    15     6   0.249838       0.249838  -99    0.003716
    16     8  -0.257707      -0.257707  -99    0.003618
    17     6   0.231102       0.231102  -99    0.003971
    18     7  -0.572076      -0.572076  -99    0.001722
    19     7  -0.453777      -0.453777  -99    0.002152
    20     6   0.424106       0.424106  -99    0.002295
    21     7  -0.622934      -0.622934  -99    0.001585
    22     7  -0.168024      -0.168024  -99    0.005114
    23     6  -0.024201      -0.024201  -99    0.009719
    24     6  -0.196315      -0.196315  -99    0.004539
    25     1   0.162776       0.162776  -99    0.000000
    26     1   0.102194       0.072281    0    0.000000
    27     1   0.081322       0.072281   26    0.000000
    28     1   0.035666       0.035666  -99    0.000000
    29     1  -0.002704       0.012946    0    0.000000
    30     1  -0.029868       0.012946   29    0.000000
    31     1   0.005167       0.005355    0    0.000000
    32     1   0.006905       0.005355   31    0.000000
    33     1   0.006722      -0.000127    0    0.000000
    34     1   0.003207      -0.000127   33    0.000000
    35     1   0.008798       0.005355   31    0.000000
    36     1   0.019319       0.005355   31    0.000000
    37     1   0.017165       0.012946   29    0.000000
    38     1   0.024279       0.012946   29    0.000000
    39     1   0.095044       0.095044  -99    0.000000
    40    16  -0.243625      -0.243625  -99    0.003797
    41     1  -0.021363      -0.021363  -99    0.000000
    42     1   0.367499       0.367499  -99    0.000000
    43     1   0.250522       0.250522  -99    0.000000
    44     1   0.162947       0.162947  -99    0.000000
    45     1   0.169587       0.169587  -99    0.000000
    46     6  -0.194897      -0.159174    0    0.005319
    47     1   0.145295       0.091342    0    0.000000
    48     1   0.077034       0.091342   47    0.000000
    49     1   0.085558       0.091342   47    0.000000

        Statistics of the fitting:
  The initial sum of squares (ssvpot)                      0.379
  The residual sum of squares (chipot)                     0.010
  The std err of estimate (sqrt(chipot/N))               0.00226
  ESP relative RMS (SQRT(chipot/ssvpot))                 0.15861

 Dipole Moment (Debye)=   3.69335
