Run semi-empirical minimization
 &qmmm
    qm_theory='AM1', grms_tol=0.0005,
 scfconv=1.d-10, ndiis_attempts=700,   qmcharge=0,
 /
   6    C1        1.4220       29.0340        6.7680 
   6    C2       -1.4500       32.1630        8.0080 
   6    C3       -0.5820       26.6250        8.9780 
   6    C4       -1.2500       25.7670       10.0810 
   6    C5       -1.3550       24.3310        9.5270 
   6    C6       -1.6530       23.2730       10.6030 
   6    C7       -0.7810       23.3430       11.8650 
   6    C8       -0.7120       24.7790       12.4320 
   6    C9       -0.3880       25.8600       11.3800 
   6   C10        4.5640       25.7180        5.8740 
   6   C11        4.5690       25.2990        7.2080 
   6   C12        3.8860       26.0330        8.1730 
   6   C13        3.2070       27.2040        7.8470 
   7    N1        0.4880       28.1800        7.4980 
   6   C14       -0.5680       28.6370        8.0860 
   8    O1       -1.3890       27.8080        8.7520 
   6   C15       -0.8370       30.0590        7.9870 
   7    N2       -1.8060       31.0220        8.4250 
   7    N3       -0.3370       32.0960        7.3180 
   6   C16        0.0120       30.8440        7.3110 
   7    N4        1.1720       30.2780        6.7090 
   7    N5        2.5230       28.7210        6.1570 
   6   C17        3.1980       27.6080        6.5180 
   6   C18        3.8670       26.8690        5.5460 
   1    H1       -2.0470       33.0330        8.2390 
   1    H2       -0.5190       26.0460        8.0560 
   1    H3        0.4150       26.9220        9.3030 
   1    H4       -2.2500       26.1520       10.2820 
   1    H5       -0.4300       24.0730        9.0120 
   1    H6       -2.1290       24.2950        8.7600 
   1    H7       -1.5700       22.2790       10.1620 
   1    H8       -2.7040       23.3340       10.8870 
   1    H9        0.2260       22.9970       11.6300 
   1   H10       -1.1850       22.6730       12.6230 
   1   H11        0.0300       24.8180       13.2290 
   1   H12       -1.6570       25.0210       12.9190 
   1   H13       -0.5110       26.8460       11.8260 
   1   H14        0.6680       25.8030       11.1170 
   1   H15        5.1040       24.4050        7.4910 
  16    S1        3.8690       25.4970        9.8080 
   1   H16        2.7060       27.7700        8.6180 
   1   H17        0.0640       32.9350        6.9240 
   1   H18        2.8730       29.3100        5.4140 
   1   H19        3.8350       27.2080        4.5220 
   1   H20        5.0960       25.1470        5.1270 
   6   C19        2.8800       26.6380       10.8070 
   1   H21        2.8690       26.2890       11.8700 
   1   H22        3.3260       27.6620       10.7550 
   1   H23        1.8330       26.6660       10.4130 

