
Resp charges for organic molecule                                               

iqopt   irstrnt  ihfree     qwt
  2      1      1        0.001000

 rel.rms   dipole mom       Qxx      Qyy      Qzz
    0.12433   3.26744 -65.27610 256.16133-190.88523

          Point charges before & after optimization
    NO   At.No.    q0           q(opt)   IVARY  d(rstr)/dq 
     1     6   0.428739       0.428739  -99    0.002271
     2     6   0.195368       0.195368  -99    0.004556
     3     6  -0.003128       0.002806    0    0.009996
     4     6   0.029136       0.029136  -99    0.009601
     5     6  -0.020167      -0.012653    0    0.009921
     6     6  -0.039761      -0.018869    0    0.009827
     7     6  -0.004448       0.014940    0    0.009890
     8     6  -0.029653      -0.018869    6    0.009827
     9     6  -0.013815      -0.012653    5    0.009921
    10     6  -0.175843      -0.175843  -99    0.004943
    11     6   0.248087       0.248087  -99    0.003739
    12     6  -0.175843      -0.175843  -99    0.004943
    13     6  -0.197782      -0.197782  -99    0.004512
    14     7  -0.349023      -0.349023  -99    0.002754
    15     6   0.319305       0.319305  -99    0.002989
    16     8  -0.261285      -0.261285  -99    0.003574
    17     6   0.156743       0.156743  -99    0.005378
    18     7  -0.562589      -0.562589  -99    0.001750
    19     7  -0.469844      -0.469844  -99    0.002082
    20     6   0.472652       0.472652  -99    0.002070
    21     7  -0.670023      -0.670023  -99    0.001476
    22     7  -0.246767      -0.246767  -99    0.003756
    23     6   0.053069       0.053069  -99    0.008833
    24     6  -0.197782      -0.197782  -99    0.004512
    25     1   0.155277       0.155277  -99    0.000000
    26     1   0.067952       0.067083    0    0.000000
    27     1   0.075161       0.067083   26    0.000000
    28     1   0.036142       0.036142  -99    0.000000
    29     1   0.026382       0.012888    0    0.000000
    30     1   0.012067       0.012888   29    0.000000
    31     1   0.010438       0.004252    0    0.000000
    32     1   0.019546       0.004252   31    0.000000
    33     1   0.006596      -0.001026    0    0.000000
    34     1   0.005509      -0.001026   33    0.000000
    35     1   0.005516       0.004252   31    0.000000
    36     1   0.014688       0.004252   31    0.000000
    37     1   0.004822       0.012888   29    0.000000
    38     1   0.017992       0.012888   29    0.000000
    39     1   0.134119       0.134119  -99    0.000000
    40     8  -0.335790      -0.335790  -99    0.002854
    41     1   0.134119       0.134119  -99    0.000000
    42     1   0.141942       0.141942  -99    0.000000
    43     1   0.368825       0.368825  -99    0.000000
    44     1   0.270472       0.270472  -99    0.000000
    45     1   0.141942       0.141942  -99    0.000000
    46     6  -0.001151       0.003535    0    0.009994
    47     1   0.081777       0.065907    0    0.000000
    48     1   0.059271       0.065907   47    0.000000
    49     1   0.061039       0.065907   47    0.000000

        Statistics of the fitting:
  The initial sum of squares (ssvpot)                      0.421
  The residual sum of squares (chipot)                     0.007
  The std err of estimate (sqrt(chipot/N))               0.00186
  ESP relative RMS (SQRT(chipot/ssvpot))                 0.12433

 Dipole Moment (Debye)=   3.26744
