Run semi-empirical minimization
 &qmmm
    qm_theory='AM1', grms_tol=0.0005,
 scfconv=1.d-10, ndiis_attempts=700,   qmcharge=0,
 /
   6    C1        1.4220       29.0340        6.7680 
   6    C2       -1.4500       32.1630        8.0080 
   6    C3       -0.5820       26.6250        8.9780 
   6    C4       -1.2500       25.7670       10.0810 
   6    C5       -1.3550       24.3310        9.5270 
   6    C6       -1.6530       23.2730       10.6030 
   6    C7       -0.7810       23.3430       11.8650 
   6    C8       -0.7120       24.7790       12.4320 
   6    C9       -0.3880       25.8600       11.3800 
   6   C10        4.0400       25.6760        7.6960 
   6   C11        4.7870       25.1860        6.6260 
   6   C12        4.7790       25.8870        5.4140 
   6   C13        4.0450       27.0640        5.2860 
   7    N1        0.4880       28.1800        7.4980 
   6   C14       -0.5680       28.6370        8.0860 
   8    O1       -1.3890       27.8080        8.7520 
   6   C15       -0.8370       30.0590        7.9870 
   7    N2       -1.8060       31.0220        8.4250 
   7    N3       -0.3370       32.0960        7.3180 
   6   C16        0.0120       30.8440        7.3110 
   7    N4        1.1720       30.2780        6.7090 
   7    N5        2.5230       28.7210        6.1570 
   6   C17        3.2790       27.5470        6.3420 
   6   C18        3.2970       26.8500        7.5580 
   1    H1       -1.9730       33.0850        8.1590 
   1    H2       -0.5400       26.0540        8.0430 
   1    H3        0.4530       26.7760        9.3120 
   1    H4       -2.2580       26.1250       10.2960 
   1    H5       -0.4090       24.0420        9.0630 
   1    H6       -2.1060       24.2820        8.7360 
   1    H7       -1.6090       22.2710       10.1760 
   1    H8       -2.6840       23.4220       10.9160 
   1    H9        0.2300       23.0140       11.6180 
   1   H10       -1.1520       22.6520       12.6230 
   1   H11       -0.0270       24.8110       13.2730 
   1   H12       -1.6870       25.0180       12.8620 
   1   H13       -0.4740       26.8530       11.8240 
   1   H14        0.6710       25.7290       11.1470 
   1   H15        4.0430       25.1510        8.6410 
   8    O2        5.5050       24.0210        6.8330 
   1   H16        5.3510       25.5500        4.5640 
   1   H17        4.0800       27.6000        4.3560 
   1   H18        0.0890       32.8950        6.8440 
   1   H19        2.9250       29.4490        5.5830 
   1   H20        2.7320       27.2130        8.4030 
   6   C19        6.6080       23.7570        5.9630 
   1   H21        7.1780       22.9080        6.3400 
   1   H22        6.2760       23.5020        4.9560 
   1   H23        7.2940       24.6040        5.9070 

