
Resp charges for organic molecule                                               

iqopt   irstrnt  ihfree     qwt
  2      1      1        0.001000

 rel.rms   dipole mom       Qxx      Qyy      Qzz
    0.11171   8.32030-397.01867 720.11129-323.09262

          Point charges before & after optimization
    NO   At.No.    q0           q(opt)   IVARY  d(rstr)/dq 
     1     6   0.482573       0.482573  -99    0.002029
     2     6   0.211860       0.211860  -99    0.004268
     3     6   0.017357       0.041607    0    0.009233
     4     6   0.038779       0.038779  -99    0.009324
     5     6  -0.035738      -0.038499    0    0.009333
     6     6  -0.015864      -0.032445    0    0.009511
     7     6  -0.012983       0.012810    0    0.009919
     8     6  -0.042143      -0.032445    6    0.009511
     9     6  -0.033236      -0.038499    5    0.009333
    10     6  -0.120278      -0.120278  -99    0.006393
    11     6   0.063798       0.063798  -99    0.008430
    12     6  -0.120278      -0.120278  -99    0.006393
    13     6  -0.202163      -0.202163  -99    0.004434
    14     7  -0.412871      -0.412871  -99    0.002354
    15     6   0.361805       0.361805  -99    0.002664
    16     8  -0.281338      -0.281338  -99    0.003349
    17     6   0.148435       0.148435  -99    0.005587
    18     7  -0.561572      -0.561572  -99    0.001753
    19     7  -0.469025      -0.469025  -99    0.002085
    20     6   0.480630       0.480630  -99    0.002037
    21     7  -0.681660      -0.681660  -99    0.001451
    22     7  -0.245387      -0.245387  -99    0.003774
    23     6   0.099883       0.099883  -99    0.007075
    24     6  -0.202163      -0.202163  -99    0.004434
    25     1   0.152779       0.152779  -99    0.000000
    26     1   0.064096       0.048288    0    0.000000
    27     1   0.071686       0.048288   26    0.000000
    28     1   0.040560       0.040560  -99    0.000000
    29     1   0.019770       0.024288    0    0.000000
    30     1   0.007690       0.024288   29    0.000000
    31     1   0.008560       0.010625    0    0.000000
    32     1   0.012017       0.010625   31    0.000000
    33     1   0.010525       0.004542    0    0.000000
    34     1   0.006822       0.004542   33    0.000000
    35     1   0.015546       0.010625   31    0.000000
    36     1   0.020717       0.010625   31    0.000000
    37     1   0.016857       0.024288   29    0.000000
    38     1   0.030171       0.024288   29    0.000000
    39     1   0.157925       0.157925  -99    0.000000
    40     1   0.157925       0.157925  -99    0.000000
    41     1   0.140606       0.140606  -99    0.000000
    42     1   0.371426       0.371426  -99    0.000000
    43     1   0.274347       0.274347  -99    0.000000
    44     1   0.140606       0.140606  -99    0.000000
    45    16   0.759544       0.759544  -99    0.001305
    46     8  -0.487079      -0.487079  -99    0.002011
    47     8  -0.487079      -0.487079  -99    0.002011
    48     7  -0.231577      -0.231577  -99    0.003964
    49     6  -0.198207      -0.094646    0    0.007262
    50     1   0.120304       0.075074    0    0.000000
    51     1   0.121453       0.075074   50    0.000000
    52     1   0.082602       0.075074   50    0.000000
    53     6  -0.174458      -0.094646   49    0.007262
    54     1   0.111812       0.075074   50    0.000000
    55     1   0.074166       0.075074   50    0.000000
    56     1   0.119466       0.075074   50    0.000000

        Statistics of the fitting:
  The initial sum of squares (ssvpot)                      0.759
  The residual sum of squares (chipot)                     0.009
  The std err of estimate (sqrt(chipot/N))               0.00211
  ESP relative RMS (SQRT(chipot/ssvpot))                 0.11171

 Dipole Moment (Debye)=   8.32030
