Run semi-empirical minimization
 &qmmm
    qm_theory='AM1', grms_tol=0.0005,
 scfconv=1.d-10, ndiis_attempts=700,   qmcharge=0,
 /
   6    C1        1.4220       29.0340        6.7680 
   6    C2       -1.4500       32.1630        8.0080 
   6    C3       -0.5820       26.6250        8.9780 
   6    C4       -1.2500       25.7670       10.0810 
   6    C5       -1.3550       24.3310        9.5270 
   6    C6       -1.6530       23.2730       10.6030 
   6    C7       -0.7810       23.3430       11.8650 
   6    C8       -0.7120       24.7790       12.4320 
   6    C9       -0.3880       25.8600       11.3800 
   6   C10        3.9640       25.5880        7.5830 
   6   C11        4.7030       25.1360        6.4860 
   6   C12        4.7800       25.9180        5.3340 
   6   C13        4.0710       27.1110        5.2580 
   7    N1        0.4880       28.1800        7.4980 
   6   C14       -0.5680       28.6370        8.0860 
   8    O1       -1.3890       27.8080        8.7520 
   6   C15       -0.8370       30.0590        7.9870 
   7    N2       -1.8060       31.0220        8.4250 
   7    N3       -0.3370       32.0960        7.3180 
   6   C16        0.0120       30.8440        7.3110 
   7    N4        1.1720       30.2780        6.7090 
   7    N5        2.5230       28.7210        6.1570 
   6   C17        3.2730       27.5430        6.3130 
   6   C18        3.2600       26.7890        7.4940 
   1    H1       -1.9740       33.0850        8.1590 
   1    H2       -0.5390       26.0540        8.0430 
   1    H3        0.4530       26.7770        9.3120 
   1    H4       -2.2580       26.1250       10.2960 
   1    H5       -0.4090       24.0420        9.0630 
   1    H6       -2.1060       24.2820        8.7360 
   1    H7       -1.6090       22.2710       10.1760 
   1    H8       -2.6840       23.4220       10.9160 
   1    H9        0.2300       23.0140       11.6180 
   1   H10       -1.1520       22.6520       12.6230 
   1   H11       -0.0270       24.8110       13.2730 
   1   H12       -1.6870       25.0180       12.8620 
   1   H13       -0.4740       26.8530       11.8240 
   1   H14        0.6710       25.7290       11.1480 
   1   H15        3.9200       25.0090        8.4960 
   1   H16        5.3920       25.6210        4.4970 
   1   H17        4.1490       27.7030        4.3660 
   1   H18        0.0880       32.8960        6.8440 
   1   H19        2.9160       29.4460        5.5740 
   1   H20        2.6830       27.1200        8.3440 
  16    S1        5.5740       23.5690        6.5650 
   8    O2        4.9440       22.7790        7.6290 
   8    O3        7.0040       23.8820        6.6470 
   7    N6        5.2830       22.7100        5.0250 
   6   C19        3.9030       22.2720        4.7190 
   1   H21        3.9180       21.4050        4.0580 
   1   H22        3.3810       22.0030        5.6380 
   1   H23        3.3570       23.0870        4.2430 
   6   C20        6.1270       23.0260        3.8460 
   1   H24        6.2130       22.1490        3.2040 
   1   H25        5.6960       23.8490        3.2760 
   1   H26        7.1290       23.3140        4.1660 

